{{1, 5, 5}, {1, 5, 5}}
{2., 2.379729661461215, 2.903653938715878, 3.6265278044037665, 4.623898318388477, 5.999999999999998}
{2.379729661461215, 2.7594593229224293, 3.2833836001770926, 4.006257465864981, 5.003627979849691, 6.379729661461213}
{2.903653938715878, 3.2833836001770926, 3.8073078774317564, 4.530181743119645, 5.527552257104355, 6.903653938715877}
{3.6265278044037665, 4.006257465864981, 4.530181743119645, 5.253055608807533, 6.250426122792243, 7.626527804403764}
{4.623898318388477, 5.003627979849691, 5.527552257104355, 6.250426122792243, 7.247796636776953, 8.623898318388475}
{5.999999999999998, 6.379729661461213, 6.903653938715877, 7.626527804403764, 8.623898318388475, 9.999999999999996}